Loading tags started
Loading tags done!
tag,map,p@1,p@5,p@10,topUser
exception,0.37331367316824654,0.0,0.6,0.3,139985
c++,0.15645363408521304,0.0,0.0,0.2,57695
spring-mvc,0.7198569830851176,1.0,1.0,1.0,438154
tomcat,0.5099448401221068,1.0,0.6,0.5,157882
parsing,0.1079579119873038,0.0,0.2,0.2,120163
java,0.13323503413734075,1.0,0.6,0.5,22656
collections,0.4431372577517817,0.0,0.6,0.6,57695
osx,0.3131313131313131,0.0,0.2,0.2,230513
xml,0.4879269222785662,1.0,0.6,0.7,383861
jar,0.5684609703434167,1.0,0.6,0.5,22656
javafx,0.9040634803792699,1.0,1.0,0.8,1155209
sockets,0.6823441252035451,0.0,0.8,0.8,207421
hashmap,0.37901965057571463,0.0,0.2,0.4,57695
algorithm,0.5437065935434172,1.0,0.6,0.6,572670
file-io,0.6715303215303214,1.0,0.6,0.6,157882
c#,0.36411231159130314,1.0,0.2,0.3,22656
python,0.8055555555555555,1.0,0.6,0.3,95810
io,0.5185599602159704,0.0,0.6,0.5,57695
javascript,0.5328585138462655,1.0,0.2,0.5,157882
regex,0.6865837261494533,1.0,0.8,0.8,548225
logging,0.46619536331812556,0.0,0.4,0.6,2428802
spring-security,0.9384741075917548,1.0,1.0,1.0,241990
arrays,0.2985626046245981,1.0,0.2,0.4,22656
jsf,0.849722609177673,1.0,1.0,1.0,157882
object,0.4942327969959549,1.0,0.6,0.7,22656
jsp,0.5662243393862116,1.0,1.0,0.8,157882
methods,0.34160289575242814,0.0,0.8,0.5,2970947
hibernate,0.6897848821429801,1.0,1.0,0.9,70604
jaxb,0.8478715728715728,1.0,1.0,0.8,383861
file,0.33570246981151247,0.0,0.4,0.3,57695
encryption,0.7911771199908105,1.0,0.8,0.8,589259
selenium,0.38084452584452577,0.0,0.4,0.4,1695163
netbeans,0.521879633505641,1.0,1.0,0.6,992484
google-app-engine,0.749539191695904,1.0,1.0,0.9,12030
loops,0.21700598198316104,0.0,0.4,0.2,57695
arraylist,0.4442094095435251,1.0,0.8,0.6,22656
concurrency,0.4925588427847403,1.0,0.6,0.6,179850
swing,0.48770185437758123,1.0,0.8,0.8,992484
struts2,0.9387412587412587,1.0,1.0,0.8,573032
php,0.7666666666666666,1.0,0.4,0.3,157882
date,0.5655434337477682,0.0,0.6,0.6,642706
gwt,0.72181368883554,1.0,0.8,0.8,116472
annotations,0.6553434692831746,1.0,1.0,0.8,21234
inheritance,0.533068298719622,1.0,0.6,0.5,22656
intellij-idea,0.7385854341736694,1.0,0.8,0.5,104891
spring,0.6275000432045301,1.0,1.0,0.9,438154
oop,0.4249097586522231,1.0,0.6,0.5,22656
swt,0.636730362591589,1.0,0.8,0.7,1449199
apache,0.07450193691200886,0.0,0.0,0.0,1299005
generics,0.5468925487725805,0.0,0.8,0.5,86989
html,0.5043117523860366,1.0,0.8,0.5,157882
multithreading,0.34701221611681204,1.0,0.6,0.6,179850
mysql,0.5372777493846153,1.0,0.8,0.6,157882
web-services,0.4835080622681319,1.0,0.4,0.6,70604
jvm,0.4421681141439206,0.0,0.6,0.4,57695
image,0.7367145480781846,1.0,0.6,0.7,418556
oracle,0.6040323661013317,1.0,0.6,0.6,10397
jni,0.47107536426421875,0.0,0.4,0.5,207421
reflection,0.5159302327710097,0.0,0.6,0.6,139985
sqlite,0.8169191919191919,1.0,0.8,0.5,11654
unit-testing,0.6778266702562032,1.0,0.8,0.6,2326914
maven,0.4893667748933984,0.0,0.8,0.5,296328
list,0.43011948191285254,0.0,0.6,0.6,139985
java-ee,0.4602440664088195,1.0,0.8,0.7,70604
nullpointerexception,0.23284863213295465,1.0,0.6,0.3,522444
eclipse,0.44550614396122273,1.0,0.6,0.7,6309
user-interface,0.48822324266771944,1.0,0.6,0.6,992484
http,0.6267316017316018,0.0,0.8,0.5,207421
applet,0.6341698841698842,1.0,0.6,0.5,418556
soap,1.0,1.0,0.2,0.1,383861
string,0.31574693070347293,0.0,0.2,0.4,57695
scala,0.3858896591213664,0.0,0.6,0.5,53013
android,0.45910905815015735,1.0,1.0,0.9,115145
jdbc,0.6357611416038048,1.0,0.8,0.8,157882
jquery,0.7166666666666667,1.0,0.4,0.2,573032
sql,0.6887138148901587,1.0,1.0,0.9,521799
database,0.45579975246953414,0.0,0.4,0.5,37213
security,0.5726461038961039,1.0,0.4,0.5,418556
jboss,0.7994047619047617,1.0,0.8,0.7,21234
jtable,0.6881972194472195,1.0,0.6,0.7,131872
jersey,0.6757498248877559,1.0,0.8,0.5,290799
libgdx,0.8599054876247859,1.0,1.0,0.9,960524
linux,0.13247863247863248,0.0,0.0,0.1,139985
sorting,0.3990516613511266,0.0,0.2,0.3,57695
json,0.8255936166815859,0.0,0.8,0.9,59501
jpa,0.740443298321155,1.0,0.8,0.8,70604
hadoop,0.7178911216062921,1.0,1.0,0.6,1279787
class,0.2651803972179427,1.0,0.4,0.4,22656
design-patterns,0.31476164433506515,1.0,0.2,0.2,157882
log4j,0.4663170163170163,1.0,0.2,0.3,870248
rest,0.1676587753805511,0.0,0.2,0.3,2314073
junit,0.5334245281187778,1.0,0.6,0.5,1836
jpanel,0.7882352884212153,1.0,0.8,0.7,992484
ant,0.5194190335081024,0.0,0.2,0.6,256618
windows,0.3333333333333333,0.0,0.2,0.1,418556
serialization,0.36253672692148103,0.0,0.4,0.6,207421
performance,0.2706653357400715,0.0,0.4,0.3,57695
jframe,0.7732130834677833,1.0,0.8,0.7,992484
servlets,0.5599582361328339,1.0,0.8,0.7,157882
awt,0.7526548481711526,1.0,0.8,0.8,992484
Avg Map = 0.5416573297481856
